12 63 d
23 63
47 63
47 70 d
57 63
70 63
70 70 d
88 63
92 66 b
23 55
37 55
47 55
57 55
70 55
80 55
90 55
100 55
105 55 d
12 50 d
23 50
37 47.5 d
47 47.5 d
70 47.5 d
90 47.5 d
17 40 b
23 40
37 40
57 40
80 40
90 40
100 40
105 40 d
37 25
47 25 d
70 30 d
80 30
90 30 d
27 15 d
37 15
47 15
51 15
62 15
70 15
80 20
90 20
95 20
100 20
47 10 d
62 10 d
95 15 d

0 1
1 2
1 9
2 3
2 4
4 5
4 12
5 6
5 7
7 8
8 16
9 10
9 19
10 20
10 11
11 21
11 12
12 27
12 13
13 22
13 14
14 28
14 15
15 23
15 16
16 17
16 30
18 19
19 25
24 25
25 26
26 32
26 27
27 40
27 42
28 29
28 35
29 36
29 30
30 31
30 46
32 38
32 33
34 35
35 43
36 44
37 38
38 39
39 47
39 40
40 41
41 48
41 42
42 43
43 44
44 45
45 46
45 49